2021.0104
2021.0111
2021.0118
2021.0125
2021.0201
2021.0208
2021.0215
2021.0222
2021.0301
2021.0308
2021.0315
2021.0322
2021.0329
2021.0405
2021.0412
2021.0419
2021.0426
2021.0503
2021.0510
2021.0517
2021.0524
2021.0531
2021.0607
2021.0614
2021.0621
2021.0628
2021.0705
2021.0712
2021.0719
2021.0726
2021.0802
2021.0809
2021.0816
2021.0823
2021.0830
2021.0906
2021.0913
2021.0920
2021.0927
2021.1004
2021.1011
2021.1018
2021.1025
2021.1101
2021.1108
2021.1115
2021.1122
2021.1129
2021.1206
2021.1213
2021.1220
2021.1227
2022.0103
2022.0110
2022.0117
2022.0124
2022.0131
2022.0207
2022.0214
2022.0221
2022.0228
2022.0307
2022.0314
2022.0321
2022.0328
2022.0404
2022.0411
2022.0418
2022.0425
2022.0502
2022.0509
2022.0516
2022.0523
2022.0530
2022.0606
2022.0613
2022.0620
2022.0627
2022.0704
2022.0711
2022.0718
2022.0725
2022.0801
2022.0808
2022.0815
2022.0822
2022.0829
2022.0905
2022.0912
2022.0919
2022.0926
2022.1003
2022.1010
2022.1017
2022.1024
2022.1031
2022.1107
2022.1114
2022.1121
2022.1128
2022.1205
2022.1212
2022.1219
2022.1226
2023.0102
2023.0109
2023.0116
2023.0123
2023.0130
2023.0206
2023.0213
2023.0220
2023.0227
2023.0306
2023.0313
2023.0320
2023.0327
2023.0403
2023.0410
2023.0417
2023.0424
2023.0501
2023.0508
2023.0515
2023.0522
2023.0529
2023.0605
2023.0612
2023.0619
2023.0626
2023.0703
2023.0710
2023.0717
2023.0724
2023.0731
2023.0807
2023.0814
2023.0821
2023.0828
2023.0904
2023.0911
2023.0918
2023.0925
2023.1002
2023.1009
2023.1016
2023.1023
2023.1030
2023.1106
2023.1113
2023.1120
2023.1127
2023.1204
2023.1211
2023.1218
2023.1225
2024.0101
2024.0108
2024.0115
2024.0122
2024.0129
2024.0205
2024.0212
2024.0219
2024.0226
2024.0304
2024.0311
2024.0318
2024.0325
2024.0401
2024.0408
2024.0415
2024.0422
2024.0429
2024.0506
2024.0513
2024.0520
2024.0527
2024.0603
2024.0610
2024.0617
2024.0624
2024.0701
2024.0708
2024.0715
2024.0722
2024.0729
2024.0805
2024.0812
2024.0819
2024.0826
2024.0902
2024.0909
2024.0916
2024.0923
2024.0930
2024.1007
2024.1014
2024.1021
2024.1028
2024.1104
2024.1111
2024.1118
2024.1125
2024.1202
2024.1209
2024.1216
2024.1223
2024.1230
2025.0106
2025.0113
2025.0120
2025.0127
2025.0203
2025.0210
2025.0217
2025.0224
2025.0303
2025.0310
2025.0317
2025.0324
2025.0331
2025.0407
2025.0414
2025.0421
